Ano,Classe_viral,Casos,Obitos,Pop,taxa_incid_por100k,taxa_obitos_por100k
2001,A,21011,,172385826.0,12.188357063648608,
2001,B,8344,,172385826.0,4.840305142024843,
2001,C,6713,,172385826.0,3.8941716704713296,
2002,A,14468,,174632960.0,8.28480488448458,
2002,B,8841,,174632960.0,5.062618190747039,
2002,C,8081,,174632960.0,4.627419703588601,
2003,A,14715,,176871437.0,8.319602220453492,
2003,B,11673,,176871437.0,6.599708917387266,
2003,C,10241,,176871437.0,5.790081300690739,
2004,A,20585,,181581024.0,11.336537016114635,
2004,B,12835,,181581024.0,7.0684698859281685,
2004,C,13285,,181581024.0,7.316293138648673,
2005,A,25302,,184184264.0,13.737329916523162,
2005,B,14107,,184184264.0,7.659177659172881,
2005,C,13702,,184184264.0,7.439289167504559,
2006,A,19095,,186770562.0,10.223773915720187,
2006,B,11330,,186770562.0,6.066266481545416,
2006,C,10319,,186770562.0,5.524960619864709,
2007,A,13351,47.0,183989711.0,7.256384026822022,0.025544906693179163
2007,B,12406,515.0,183989711.0,6.742768349693207,0.2799069563188781
2007,C,17173,1800.0,183989711.0,9.33367409876523,0.9783155754834574
2008,A,11680,50.0,189612814.0,6.159921238234459,0.026369525848606412
2008,B,13400,566.0,189612814.0,7.067032927426519,0.29850303260622457
2008,C,20110,1898.0,189612814.0,10.605823296309499,1.0009872012130994
2009,A,10920,45.0,191480630.0,5.70292671378823,0.023501071622753694
2009,B,15004,482.0,191480630.0,7.835779525062144,0.25172258938149517
2009,C,21854,1879.0,191480630.0,11.413164872081317,0.9813003017589821
2010,A,6929,52.0,190747855.0,3.632544124808114,0.027261119135520553
2010,B,13711,549.0,190747855.0,7.188023162829276,0.2878145077961689
2010,C,21066,1967.0,190747855.0,11.04389876363223,1.0312042565301718
2011,A,7468,30.0,192379287.0,3.881914792625258,0.015594194399940779
2011,B,16683,538.0,192379287.0,8.671931505807068,0.279655886238938
2011,C,24231,2012.0,192379287.0,12.595430816832168,1.0458506377560284
2012,A,6628,38.0,193946886.0,3.4174304814566603,0.01959299310430795
2012,B,16286,443.0,193946886.0,8.397144360441033,0.2284130511896953
2012,C,25450,2032.0,193946886.0,13.122149329069403,1.047709525998783
2013,A,6270,35.0,201032714.0,3.1188953654577833,0.017410101721056205
2013,B,16720,456.0,201032714.0,8.317054307887421,0.22682875385147513
2013,C,25401,2013.0,201032714.0,12.635256966187105,1.001329564699604
2014,A,6424,29.0,202768562.0,3.168143984766238,0.014302019856510103
2014,B,16743,469.0,202768562.0,8.257197188191332,0.2312981831966634
2014,C,24124,2087.0,202768562.0,11.897307828222404,1.0292522565702271
2015,A,3302,24.0,204450649.0,1.6150596812240983,0.011738774182125487
2015,B,16149,451.0,204450649.0,7.898727677797687,0.22059113150577478
2015,C,26946,2028.0,204450649.0,13.179708712981391,0.9919264183896036
2016,A,1207,29.0,206081432.0,0.5856908059528624,0.01407210718528004
2016,B,14829,477.0,206081432.0,7.195699222431645,0.23146190094408894
2016,C,28732,2023.0,206081432.0,13.942061505085038,0.9816507874421214
2017,A,2137,22.0,207660929.0,1.029081402212161,0.01059419319076628
2017,B,14251,414.0,207660929.0,6.86262941643683,0.19936345368078365
2017,C,25937,1720.0,207660929.0,12.4900722176775,0.8282732858235455
2018,A,2188,28.0,208494900.0,1.049426149032902,0.01342958508817242
2018,B,14686,424.0,208494900.0,7.043817378746435,0.2033622884780395
2018,C,27773,1574.0,208494900.0,13.320709523350452,0.7549345331708354
2019,A,891,,210147125.0,0.42398866984261624,
2019,B,13971,,210147125.0,6.648199445983379,
2019,C,22747,,210147125.0,10.824321293950607,
