Ano,Classe_viral,Regiao,Casos,Obitos,Pop,taxa_incid_por100k,taxa_obitos_por100k
2001,A,Norte,2868,,13245084.0,21.653316807956823,
2001,B,Norte,820,,13245084.0,6.1909762142693845,
2001,C,Norte,287,,13245084.0,2.1668416749942847,
2002,A,Norte,2755,,13504599.0,20.400457651500798,
2002,B,Norte,1032,,13504599.0,7.6418411239015684,
2002,C,Norte,345,,13504599.0,2.5546852594438385,
2003,A,Norte,2832,,13784881.0,20.544246990597888,
2003,B,Norte,1065,,13784881.0,7.725855594981197,
2003,C,Norte,347,,13784881.0,2.517250602308428,
2004,A,Norte,5038,,14373260.0,35.05119924081245,
2004,B,Norte,1122,,14373260.0,7.806162276338145,
2004,C,Norte,329,,14373260.0,2.2889727173932704,
2005,A,Norte,4104,,14698878.0,27.92049842171627,
2005,B,Norte,1213,,14698878.0,8.25233055203261,
2005,C,Norte,361,,14698878.0,2.455969768576894,
2006,A,Norte,4472,,15022060.0,29.76955224516478,
2006,B,Norte,1168,,15022060.0,7.775231892297062,
2006,C,Norte,313,,15022060.0,2.0836023820967298,
2007,A,Norte,2548,9.0,14623317.0,17.4242273486925,0.06154554401029534
2007,B,Norte,1469,72.0,14623317.0,10.045600461235983,0.49236435208236273
2007,C,Norte,466,69.0,14623317.0,3.1866915009775143,0.4718491707455976
2008,A,Norte,2440,11.0,15142684.0,16.11339178708345,0.07264234002373687
2008,B,Norte,1750,83.0,15142684.0,11.55673591286723,0.54811947472456
2008,C,Norte,635,68.0,15142684.0,4.193444174097538,0.4490617383285552
2009,A,Norte,2569,5.0,15359608.0,16.725687270143872,0.03255291411082887
2009,B,Norte,2031,62.0,15359608.0,13.222993711818686,0.403656134974278
2009,C,Norte,755,74.0,15359608.0,4.915490030735159,0.4817831288402673
2010,A,Norte,1902,10.0,15880839.0,11.976697200947633,0.06296896530466684
2010,B,Norte,1850,67.0,15880839.0,11.649258581363364,0.4218920675412678
2010,C,Norte,805,89.0,15880839.0,5.069001707025681,0.5604237912115348
2011,A,Norte,2733,5.0,16095187.0,16.98023141949205,0.03106518737558004
2011,B,Norte,2342,80.0,16095187.0,14.550933766721691,0.49704299800928065
2011,C,Norte,852,120.0,16095187.0,5.293507928798839,0.745564497013921
2012,A,Norte,2776,3.0,16318163.0,17.01171878231637,0.018384422315183394
2012,B,Norte,2051,63.0,16318163.0,12.568816722813715,0.38607286861885126
2012,C,Norte,739,119.0,16318163.0,4.528696030306842,0.729248751835608
2013,A,Norte,2112,6.0,16983484.0,12.435610973578802,0.035328440265848866
2013,B,Norte,2973,68.0,16983484.0,17.505242151728115,0.4003889896796205
2013,C,Norte,1475,95.0,16983484.0,8.68490823202118,0.5593669708759405
2014,A,Norte,2661,2.0,17231027.0,15.443072545820977,0.011606969218956015
2014,B,Norte,2863,78.0,17231027.0,16.615376436935534,0.45267179953928455
2014,C,Norte,1118,110.0,17231027.0,6.4882957933964125,0.6383833070425808
2015,A,Norte,1567,6.0,17472636.0,8.968309074829923,0.034339409348423444
2015,B,Norte,3028,82.0,17472636.0,17.329955251171032,0.4693052610951204
2015,C,Norte,1525,122.0,17472636.0,8.727933209390958,0.6982346567512767
2016,A,Norte,374,6.0,17707783.0,2.112065638030464,0.033883405957707974
2016,B,Norte,2053,88.0,17707783.0,11.593772071862412,0.4969566207130503
2016,C,Norte,1056,117.0,17707783.0,5.963479448556604,0.6607264161753055
2017,A,Norte,209,2.0,17936201.0,1.1652411789988304,0.011150633291854836
2017,B,Norte,2191,80.0,17936201.0,12.215518771226973,0.44602533167419345
2017,C,Norte,1186,92.0,17936201.0,6.612325542069918,0.5129291314253225
2018,A,Norte,206,1.0,18182253.0,1.132972904952978,0.005499868470645525
2018,B,Norte,2244,77.0,18182253.0,12.341704848128558,0.4234898722397054
2018,C,Norte,1091,114.0,18182253.0,6.0003565014742675,0.6269850056535898
2019,A,Norte,151,,18430980.0,0.8192727679157592,
2019,B,Norte,2471,,18430980.0,13.406774897482391,
2019,C,Norte,1075,,18430980.0,5.832571029863849,
2001,A,Nordeste,4135,,48331186.0,8.555552516340072,
2001,B,Nordeste,931,,48331186.0,1.926292477076809,
2001,C,Nordeste,406,,48331186.0,0.8400373208304882,
2002,A,Nordeste,4892,,48845112.0,10.015331728587295,
2002,B,Nordeste,1059,,48845112.0,2.1680777392833086,
2002,C,Nordeste,507,,48845112.0,1.037974895010989,
2003,A,Nordeste,5325,,49352225.0,10.789787086600452,
2003,B,Nordeste,1230,,49352225.0,2.4922888481724987,
2003,C,Nordeste,616,,49352225.0,1.2481706751823245,
2004,A,Nordeste,7071,,50427274.0,14.022173794284418,
2004,B,Nordeste,1539,,50427274.0,3.0519198797063667,
2004,C,Nordeste,698,,50427274.0,1.3841715893665003,
2005,A,Nordeste,9400,,51019091.0,18.424475653633266,
2005,B,Nordeste,1880,,51019091.0,3.684895130726653,
2005,C,Nordeste,945,,51019091.0,1.8522478183705782,
2006,A,Nordeste,6552,,51609027.0,12.695453452358247,
2006,B,Nordeste,1125,,51609027.0,2.1798512109131605,
2006,C,Nordeste,728,,51609027.0,1.4106059391509165,
2007,A,Nordeste,3132,15.0,51535782.0,6.0773308921556675,0.029105990862814502
2007,B,Nordeste,4705,225.0,51535782.0,9.129579133969482,0.4365898629422175
2007,C,Nordeste,10642,1103.0,51535782.0,20.649730317471462,2.140260528112293
2008,A,Nordeste,2139,20.0,53088499.0,4.029121260331734,0.03767294306060527
2008,B,Nordeste,5303,227.0,53088499.0,9.988980852519488,0.42758790373786987
2008,C,Nordeste,12060,1124.0,53088499.0,22.71678466554498,2.1172194000060163
2009,A,Nordeste,1618,14.0,53591197.0,3.0191525671650887,0.026123693411811644
2009,B,Nordeste,5994,213.0,53591197.0,11.184672736457072,0.39745333547970574
2009,C,Nordeste,13360,1084.0,53591197.0,24.929467427271685,2.022720261314559
2010,A,Nordeste,1093,8.0,53078137.0,2.0592282656793324,0.015072119053462634
2010,B,Nordeste,5137,245.0,53078137.0,9.678184447204695,0.4615836460122932
2010,C,Nordeste,12609,1174.0,53078137.0,23.755543643138793,2.2118334710956415
2011,A,Nordeste,1263,14.0,53501859.0,2.360665635936127,0.026167315046006157
2011,B,Nordeste,6190,225.0,53501859.0,11.569691438198436,0.4205461346679561
2011,C,Nordeste,14310,1129.0,53501859.0,26.74673416488201,2.110207049067211
2012,A,Nordeste,1247,10.0,53907144.0,2.3132369987918486,0.01855041699111346
2012,B,Nordeste,6031,199.0,53907144.0,11.187756487340527,0.36915329812315784
2012,C,Nordeste,15041,1056.0,53907144.0,27.901682196333756,1.9589240342615815
2013,A,Nordeste,1166,10.0,55794707.0,2.0898039665303734,0.01792284705429137
2013,B,Nordeste,5413,163.0,55794707.0,9.701637110487917,0.2921424069849493
2013,C,Nordeste,13499,1122.0,55794707.0,24.194051238587917,2.0109434394914913
2014,A,Nordeste,955,9.0,56186190.0,1.6997059241781656,0.01601817101319737
2014,B,Nordeste,5129,184.0,56186190.0,9.128577680743257,0.32748260738092405
2014,C,Nordeste,12327,1138.0,56186190.0,21.939554897742667,2.0254087347798455
2015,A,Nordeste,609,3.0,56560081.0,1.076731131272602,0.005304094242722177
2015,B,Nordeste,5255,153.0,56560081.0,9.291005081835014,0.270508806378831
2015,C,Nordeste,14229,1142.0,56560081.0,25.157318993231286,2.0190918750629088
2016,A,Nordeste,326,10.0,56915936.0,0.5727745564967955,0.017569771671680844
2016,B,Nordeste,4932,177.0,56915936.0,8.665411388472993,0.31098495858875097
2016,C,Nordeste,16377,1070.0,56915936.0,28.77401506671172,1.8799655688698504
2017,A,Nordeste,1440,7.0,57254159.0,2.515101130033191,0.012226186048772457
2017,B,Nordeste,4804,155.0,57254159.0,8.39065682547184,0.27072269107996155
2017,C,Nordeste,14220,932.0,57254159.0,24.836623659077762,1.6278293424937043
2018,A,Nordeste,1465,14.0,56760780.0,2.5810075196288707,0.024664918276316852
2018,B,Nordeste,4641,157.0,56760780.0,8.176420408599036,0.2765994406701247
2018,C,Nordeste,15186,788.0,56760780.0,26.754389210296264,1.3882825429812629
2019,A,Nordeste,457,,57071654.0,0.8007477757697368,
2019,B,Nordeste,3867,,57071654.0,6.775692885999064,
2019,C,Nordeste,11666,,57071654.0,20.44097057358807,
2001,A,Sudeste,3662,,73470763.0,4.984295589798081,
2001,B,Sudeste,2542,,73470763.0,3.4598796803022176,
2001,C,Sudeste,3166,,73470763.0,4.30919711559277,
2002,A,Sudeste,1693,,74447456.0,2.2740871091686463,
2002,B,Sudeste,3039,,74447456.0,4.082073670858545,
2002,C,Sudeste,4103,,74447456.0,5.511269585894245,
2003,A,Sudeste,2187,,75391969.0,2.9008394780085927,
2003,B,Sudeste,4802,,75391969.0,6.369378680108487,
2003,C,Sudeste,5731,,75391969.0,7.601605417680496,
2004,A,Sudeste,2785,,77374720.0,3.5993668216182235,
2004,B,Sudeste,5417,,77374720.0,7.000994640109845,
2004,C,Sudeste,7628,,77374720.0,9.858517097057023,
2005,A,Sudeste,3639,,78472017.0,4.6373218621359,
2005,B,Sudeste,5310,,78472017.0,6.7667433602477685,
2005,C,Sudeste,7451,,78472017.0,9.495104477816595,
2006,A,Sudeste,3728,,79561095.0,4.6857072542805,
2006,B,Sudeste,4321,,79561095.0,5.431046417850332,
2006,C,Sudeste,5458,,79561095.0,6.860136854576976,
2007,A,Sudeste,2052,6.0,77873342.0,2.6350480758871244,0.00770481893534247
2007,B,Sudeste,3812,104.0,77873342.0,4.895128296920915,0.13355019487926947
2007,C,Sudeste,4383,377.0,77873342.0,5.628370232267674,0.4841194564373518
2008,A,Sudeste,1388,1.0,80187717.0,1.7309384179125589,0.00124707378812144
2008,B,Sudeste,3803,120.0,80187717.0,4.742621616225836,0.1496488545745728
2008,C,Sudeste,5374,434.0,80187717.0,6.701774537364619,0.541230024044705
2009,A,Sudeste,1266,7.0,80915332.0,1.5645984125727865,0.00865101807899645
2009,B,Sudeste,3803,87.0,80915332.0,4.699974536346215,0.10751979612467016
2009,C,Sudeste,5234,436.0,80915332.0,6.468489803638203,0.5388348403489217
2010,A,Sudeste,1093,8.0,80353724.0,1.3602356500614707,0.009955979140431625
2010,B,Sudeste,4057,119.0,80353724.0,5.048925921591388,0.1480951897139204
2010,C,Sudeste,5500,455.0,80353724.0,6.844735659046742,0.5662463136120487
2011,A,Sudeste,581,1.0,80975616.0,0.717499944674703,0.0012349396638118813
2011,B,Sudeste,5119,111.0,80975616.0,6.321656139053021,0.13707830268311882
2011,C,Sudeste,6367,441.0,80975616.0,7.862860839490248,0.5446083917410397
2012,A,Sudeste,446,4.0,81565983.0,0.5467965732724633,0.00490400514145707
2012,B,Sudeste,5142,77.0,81565983.0,6.304098609343064,0.0944020989730486
2012,C,Sudeste,6831,535.0,81565983.0,8.374814780323312,0.6559106876698831
2013,A,Sudeste,338,2.0,84465570.0,0.4001630486836234,0.0023678286904356416
2013,B,Sudeste,5186,104.0,84465570.0,6.139779794299618,0.12312709190265335
2013,C,Sudeste,7507,480.0,84465570.0,8.88764498955018,0.568278885704554
2014,A,Sudeste,241,1.0,85115623.0,0.28314425895701895,0.001174872443805058
2014,B,Sudeste,5653,89.0,85115623.0,6.641553924829993,0.10456364749865016
2014,C,Sudeste,7962,509.0,85115623.0,9.354334397575872,0.5980100738967745
2015,A,Sudeste,247,3.0,85745520.0,0.2880616969842856,0.0034987250645864645
2015,B,Sudeste,5184,88.0,85745520.0,6.045796911605411,0.10262926856120297
2015,C,Sudeste,8689,450.0,85745520.0,10.133474028730598,0.5248087596879697
2016,A,Sudeste,195,0.0,86356952.0,0.2258069506668091,0.0
2016,B,Sudeste,4896,93.0,86356952.0,5.669491438280499,0.10769254570263202
2016,C,Sudeste,8338,506.0,86356952.0,9.655273613640277,0.5859400873713098
2017,A,Sudeste,223,2.0,86949714.0,0.2564700787859981,0.002300180078798189
2017,B,Sudeste,4387,74.0,86949714.0,5.045445002843827,0.085106662915533
2017,C,Sudeste,7550,426.0,86949714.0,8.683179797463163,0.48993835678401426
2018,A,Sudeste,289,4.0,87711946.0,0.32948761620224454,0.004560382231172935
2018,B,Sudeste,4675,89.0,87711946.0,5.329946732683368,0.1014685046435978
2018,C,Sudeste,8163,387.0,87711946.0,9.306600038266167,0.4412169808659815
2019,A,Sudeste,135,,88371433.0,0.15276429884304354,
2019,B,Sudeste,4529,,88371433.0,5.124959329334401,
2019,C,Sudeste,7168,,88371433.0,8.111218474866194,
2001,A,Sul,7928,,25453264.0,31.147282328898957,
2001,B,Sul,3167,,25453264.0,12.44241210086062,
2001,C,Sul,2371,,25453264.0,9.3151118064858,
2002,A,Sul,3706,,25734253.0,14.401039734862325,
2002,B,Sul,2838,,25734253.0,11.028103283200021,
2002,C,Sul,2529,,25734253.0,9.827368993380146,
2003,A,Sul,2595,,26025091.0,9.971146690707057,
2003,B,Sul,3512,,26025091.0,13.49466943266404,
2003,C,Sul,2983,,26025091.0,11.462015637140327,
2004,A,Sul,3295,,26635629.0,12.370648352250289,
2004,B,Sul,3589,,26635629.0,13.474433061070194,
2004,C,Sul,3981,,26635629.0,14.9461460061634,
2005,A,Sul,4278,,26973511.0,15.860004283461652,
2005,B,Sul,4070,,26973511.0,15.088877380478944,
2005,C,Sul,4098,,26973511.0,15.192682925111232,
2006,A,Sul,2475,,27308863.0,9.062991747404496,
2006,B,Sul,3355,,27308863.0,12.285388813148318,
2006,C,Sul,3279,,27308863.0,12.00709088474317,
2007,A,Sul,3132,15.0,26733877.0,11.715472469630948,0.05610858462466929
2007,B,Sul,4705,225.0,26733877.0,17.5993927106046,0.8416287693700394
2007,C,Sul,10642,1103.0,26733877.0,39.80717050504871,4.125851256067349
2008,A,Sul,2139,20.0,27497970.0,7.778756031808894,0.07273264171864323
2008,B,Sul,5303,227.0,27497970.0,19.28505995169825,0.8255154835066006
2008,C,Sul,12060,1124.0,27497970.0,43.857782956341865,4.08757446458775
2009,A,Sul,1618,14.0,27719118.0,5.837126563695136,0.05050665753506298
2009,B,Sul,5994,213.0,27719118.0,21.624064661797682,0.7684227182120297
2009,C,Sul,13360,1084.0,27719118.0,48.19778176203153,3.9106583405720197
2010,A,Sul,1093,8.0,27384815.0,3.9912630412146295,0.02921327020102199
2010,B,Sul,5137,245.0,27384815.0,18.758571127831246,0.8946563999062984
2010,C,Sul,12609,1174.0,27384815.0,46.04376549558578,4.287047401999977
2011,A,Sul,1263,14.0,27562433.0,4.582324064062124,0.05079377426513835
2011,B,Sul,6190,225.0,27562433.0,22.4581044786576,0.8163285149754378
2011,C,Sul,14310,1129.0,27562433.0,51.918493552437845,4.096155081810085
2012,A,Sul,1247,10.0,27731644.0,4.4966681383909295,0.036059888840344265
2012,B,Sul,6031,199.0,27731644.0,21.747718959611625,0.7175917879228508
2012,C,Sul,15041,1056.0,27731644.0,54.237678804761806,3.8079242615403546
2013,A,Sul,1166,10.0,28795762.0,4.049206963163538,0.034727332445656414
2013,B,Sul,5413,163.0,28795762.0,18.797905052833816,0.5660555188641996
2013,C,Sul,13499,1122.0,28795762.0,46.87842606839159,3.8964067004026495
2014,A,Sul,955,9.0,29016114.0,3.291274634501367,0.03101724786441079
2014,B,Sul,5129,184.0,29016114.0,17.676384921840327,0.6341304007835095
2014,C,Sul,12327,1138.0,29016114.0,42.48329049162131,3.9219586744110533
2015,A,Sul,609,3.0,29230180.0,2.083463050860446,0.010263364782563775
2015,B,Sul,5255,153.0,29230180.0,17.977993977457544,0.5234316039107525
2015,C,Sul,14229,1142.0,29230180.0,48.679139163699986,3.9069208605626105
2016,A,Sul,326,10.0,29439773.0,1.107345494817504,0.033967653215260865
2016,B,Sul,4932,177.0,29439773.0,16.75284656576666,0.6012274619101173
2016,C,Sul,16377,1070.0,29439773.0,55.62882567063272,3.6345388940329126
2017,A,Sul,1440,7.0,29644948.0,4.857488702628185,0.023612792304442565
2017,B,Sul,4804,155.0,29644948.0,16.205122032934582,0.5228546867412283
2017,C,Sul,14220,932.0,29644948.0,47.967700938453326,3.1438746325343527
2018,A,Sul,1465,14.0,29754036.0,4.9237017794829585,0.04705244021348902
2018,B,Sul,4641,157.0,29754036.0,15.59788393077161,0.5276595081084126
2018,C,Sul,15186,788.0,29754036.0,51.038454077288876,2.6483802063020963
2019,A,Sul,457,,29975984.0,1.5245537894602559,
2019,B,Sul,3867,,29975984.0,12.900327141887987,
2019,C,Sul,11666,,29975984.0,38.91782168018238,
2001,A,Centro-Oeste,2398,,11885529.0,20.175795288539533,
2001,B,Centro-Oeste,867,,11885529.0,7.294584868708831,
2001,C,Centro-Oeste,479,,11885529.0,4.030110902089423,
2002,A,Centro-Oeste,1412,,12101540.0,11.667936477506169,
2002,B,Centro-Oeste,872,,12101540.0,7.205694481859334,
2002,C,Centro-Oeste,594,,12101540.0,4.908466195211519,
2003,A,Centro-Oeste,1770,,12317271.0,14.37006622652047,
2003,B,Centro-Oeste,1062,,12317271.0,8.622039735912281,
2003,C,Centro-Oeste,564,,12317271.0,4.578936356925166,
2004,A,Centro-Oeste,2393,,12770141.0,18.73902566933286,
2004,B,Centro-Oeste,1166,,12770141.0,9.130674438128757,
2004,C,Centro-Oeste,646,,12770141.0,5.058675546338916,
2005,A,Centro-Oeste,3879,,13020767.0,29.790871766617126,
2005,B,Centro-Oeste,1633,,13020767.0,12.541503891437424,
2005,C,Centro-Oeste,846,,13020767.0,6.497313099911856,
2006,A,Centro-Oeste,1868,,13269517.0,14.077377496106301,
2006,B,Centro-Oeste,1361,,13269517.0,10.256590349143831,
2006,C,Centro-Oeste,541,,13269517.0,4.077013503957981,
2007,A,Centro-Oeste,1155,4.0,13223393.0,8.734520708867988,0.030249422368373986
2007,B,Centro-Oeste,1285,33.0,13223393.0,9.717626935840144,0.2495577345390854
2007,C,Centro-Oeste,886,60.0,13223393.0,6.700247054594838,0.4537413355256098
2008,A,Centro-Oeste,1243,4.0,13695944.0,9.075679631867654,0.02920572689257491
2008,B,Centro-Oeste,1276,52.0,13695944.0,9.316626878731396,0.37967444960347385
2008,C,Centro-Oeste,854,73.0,13695944.0,6.235422691564744,0.5330045157894922
2009,A,Centro-Oeste,1405,3.0,13895375.0,10.111278033158515,0.02158991750852352
2009,B,Centro-Oeste,1637,44.0,13895375.0,11.780898320484333,0.316652123458345
2009,C,Centro-Oeste,1052,88.0,13895375.0,7.570864406322247,0.63330424691669
2010,A,Centro-Oeste,526,2.0,14050340.0,3.7436816475615537,0.014234530979321498
2010,B,Centro-Oeste,1318,46.0,14050340.0,9.380555915372867,0.32739421252439443
2010,C,Centro-Oeste,889,65.0,14050340.0,6.327249020308406,0.46262225682794866
2011,A,Centro-Oeste,599,1.0,14244192.0,4.205222732184458,0.007020405229022467
2011,B,Centro-Oeste,1396,42.0,14244192.0,9.800485699715365,0.2948570196189436
2011,C,Centro-Oeste,948,99.0,14244192.0,6.6553441571133,0.6950201176732242
2012,A,Centro-Oeste,459,2.0,14423952.0,3.182206929141195,0.01386582539930804
2012,B,Centro-Oeste,1325,36.0,14423952.0,9.186109327041576,0.24958485718754472
2012,C,Centro-Oeste,983,98.0,14423952.0,6.815053183759901,0.679425444566094
2013,A,Centro-Oeste,362,2.0,14993191.0,2.4144293232841494,0.013339388526431765
2013,B,Centro-Oeste,1382,50.0,14993191.0,9.21751747176435,0.33348471316079414
2013,C,Centro-Oeste,1004,105.0,14993191.0,6.696373040268746,0.7003178976376676
2014,A,Centro-Oeste,589,3.0,15219608.0,3.870007690079797,0.01971141438071204
2014,B,Centro-Oeste,1330,35.0,15219608.0,8.73872704211567,0.22996650110830713
2014,C,Centro-Oeste,1055,108.0,15219608.0,6.9318473905504,0.7096109177056334
2015,A,Centro-Oeste,265,1.0,15442232.0,1.716073168697375,0.006475747806405188
2015,B,Centro-Oeste,1183,47.0,15442232.0,7.660809654977338,0.30436014690104385
2015,C,Centro-Oeste,846,91.0,15442232.0,5.478482644218789,0.5892930503828722
2016,A,Centro-Oeste,84,2.0,15660988.0,0.5363646278255242,0.012770586376798194
2016,B,Centro-Oeste,1412,40.0,15660988.0,9.016033982019525,0.25541172753596386
2016,C,Centro-Oeste,1164,98.0,15660988.0,7.432481271296549,0.6257587324631115
2017,A,Centro-Oeste,72,0.0,15875907.0,0.45351739588799556,0.0
2017,B,Centro-Oeste,1198,37.0,15875907.0,7.5460255593585925,0.23305755066466438
2017,C,Centro-Oeste,1071,79.0,15875907.0,6.746071263833934,0.4976093649326618
2018,A,Centro-Oeste,75,2.0,16085885.0,0.466247272064919,0.01243326058839784
2018,B,Centro-Oeste,1108,32.0,16085885.0,6.8880263659724035,0.19893216941436545
2018,C,Centro-Oeste,959,97.0,16085885.0,5.9617484521367645,0.6030131385372953
2019,A,Centro-Oeste,54,,16297074.0,0.3313478235418211,
2019,B,Centro-Oeste,1081,,16297074.0,6.6330925416427515,
2019,C,Centro-Oeste,959,,16297074.0,5.884491903270489,
