Ano,virus,Cobertura_vacina_100Hab,Doses_totais
1994,B,8.85,2297035
1995,B,10.5,2521993
1996,B,16.5,2989325
1997,B,5.79,2002570
1998,B,12.63,8747762
1999,B,83.5,23190333
2000,B,91.08,16638758
2001,B,91.88,35206019
2002,B,91.47,30906741
2003,B,92.0,24268775
2004,B,96.26,17957275
2005,B,98.46,17121491
2006,B,100.3,15151634
2007,B,99.89,14968382
2008,B,96.06,14842513
2009,B,100.2,14463524
2010,B,96.08,14714865
2011,B,97.71,16765900
2012,B,96.67,18318371
2013,B,100.56,24635982
2014,B,96.42,23954144
2015,B,97.74,21027638
2016,B,105.19,16726938
2017,B,84.4,17385956
2018,B,88.53,16810836
2019,B,70.77,15495072
2020,B,76.94,13716969
1994,A,,0
1995,A,,0
1996,A,,0
1997,A,,0
1998,A,,0
1999,A,,0
2000,A,,38
2001,A,,41062
2002,A,,58788
2003,A,,68883
2004,A,,85271
2005,A,,100081
2006,A,,99674
2007,A,,124675
2008,A,,157642
2009,A,,180828
2010,A,,157154
2011,A,,199190
2012,A,,234009
2013,A,,265185
2014,A,60.13,1908581
2015,A,97.07,2946868
2016,A,71.58,2222008
2017,A,78.94,2812314
2018,A,82.69,2645982
2019,A,85.02,2704209
2020,A,74.91,2360401
